148 298
11 24 69 80
51 108 21 58
35 107 88 9
74 139 97 88
53 145 87 100
1 2 3 6
22 104 83 38
67 101 62 4
51 64 23 42
2 118 47 5
45 134 75 4
49 66 84 42
22 114 80 10
47 82 20 93
62 115 40 97
26 53 74 76
91 127 24 43
18 28 30 41
19 124 79 79
14 95 100 27
23 92 63 1
30 70 89 6
30 88 60 75
7 92 30 94
17 71 7 43
23 45 44 56
93 144 47 6
30 39 30 74
29 61 12 45
13 77 47 73
75 120 11 79
92 100 17 88
20 133 46 16
78 120 85 94
97 112 95 33
134 138 18 53
65 122 69 71
13 66 6 90
72 95 73 76
15 40 7 22
76 123 69 16
66 147 58 84
48 144 90 92
19 142 53 55
65 77 84 22
8 22 95 57
6 96 33 37
16 41 42 99
24 132 62 32
56 104 67 81
37 102 74 65
81 131 92 81
10 17 83 83
5 132 70 35
66 88 13 77
20 71 31 82
15 113 10 13
65 101 91 69
51 103 10 44
46 142 28 99
87 128 77 87
6 37 98 38
117 140 31 38
32 67 59 2
103 143 45 61
74 144 60 93
3 130 61 21
28 49 1 52
5 138 60 19
46 96 6 43
4 113 90 39
79 85 44 63
59 119 19 88
19 91 68 72
85 134 76 89
49 67 38 54
30 132 80 13
38 115 22 53
39 88 48 58
74 100 27 4
32 62 57 80
28 66 76 28
85 104 65 57
127 145 74 34
78 125 32 21
5 138 43 28
15 88 81 99
90 113 82 2
34 106 70 12
38 71 13 25
25 99 99 8
45 76 75 43
75 122 71 53
72 123 54 100
16 58 49 79
73 125 70 66
72 78 45 46
111 143 1 38
17 79 46 82
62 117 53 41
59 124 98 18
10 106 41 57
117 132 56 19
14 129 70 12
28 127 81 7
17 64 47 45
0 9 23 86
19 26 31 87
33 57 49 44
58 126 61 55
116 119 1 72
32 88 73 88
65 137 4 58
62 119 36 21
36 64 97 78
48 68 44 72
31 59 18 76
33 133 42 44
54 99 3 34
68 102 83 70
30 125 3 78
125 135 79 42
16 142 90 43
6 75 84 34
36 76 11 94
4 144 57 71
54 79 78 15
79 86 64 6
17 111 20 44
95 141 21 44
38 94 58 84
30 46 75 3
103 143 61 47
99 106 71 62
40 65 9 95
126 129 24 22
83 128 19 29
24 147 43 44
31 144 75 100
1 123 79 95
74 122 78 29
7 133 44 59
92 136 39 49
118 138 46 33
54 99 99 58
105 135 63 17
1 30 90 19
88 130 85 2
50 137 31 53
6 115 64 37
110 124 33 25
3 92 31 3
77 141 70 98
3 11 40 99
67 128 46 39
8 120 6 83
1 76 78 45
113 123 43 12
0 69 73 14
62 68 91 74
52 142 29 10
67 98 100 47
9 140 81 26
77 131 74 71
8 84 42 25
33 82 90 47
61 109 75 3
27 77 37 43
14 78 9 51
11 68 49 79
36 101 29 8
25 54 54 100
15 80 36 23
13 108 33 61
9 46 23 5
3 143 62 78
5 116 54 75
74 123 9 9
50 143 73 42
60 86 83 26
39 86 55 48
13 30 65 17
83 139 30 65
10 64 34 20
92 106 7 33
16 111 32 61
2 5 58 29
24 87 9 37
126 139 60 31
5 112 10 79
122 146 38 47
43 95 24 100
17 109 75 6
80 135 40 41
29 88 15 68
27 61 3 58
41 97 64 89
19 44 37 87
42 86 11 65
55 101 68 11
25 87 58 61
29 57 82 13
25 74 66 55
63 87 68 89
55 131 68 23
9 63 78 3
17 108 2 83
132 133 57 95
8 21 10 17
19 27 72 34
114 127 54 17
44 100 8 74
50 74 35 53
10 43 42 23
8 53 81 56
14 60 77 67
66 84 18 47
78 98 80 91
37 47 83 94
67 109 48 90
44 84 22 79
57 120 63 76
104 113 72 86
131 143 56 70
105 147 70 26
79 126 61 98
138 138 99 9
24 81 62 85
55 118 2 57
28 107 57 48
94 133 16 21
101 112 84 94
11 145 21 21
21 81 71 71
12 68 35 15
1 8 91 24
73 85 70 4
78 93 11 21
46 52 30 45
1 109 35 6
46 96 84 46
35 110 45 53
70 77 94 62
22 79 50 51
11 117 20 41
46 140 80 94
79 123 22 21
126 129 8 64
2 112 85 35
12 34 78 47
4 129 71 63
75 92 49 89
58 92 83 40
7 31 58 62
15 112 98 65
61 98 77 45
21 125 96 63
100 132 72 72
37 75 58 89
50 139 15 12
21 135 50 65
3 13 70 16
11 108 46 87
52 91 89 11
96 139 58 42
20 108 55 61
20 30 71 95
60 77 40 67
5 89 48 93
44 62 2 11
37 72 80 92
114 117 3 38
40 115 6 93
12 134 87 39
42 140 89 40
0 64 73 54
103 134 34 92
22 129 87 35
9 71 46 93
4 31 27 55
21 125 81 11
29 49 1 11
64 121 10 75
80 144 14 100
28 139 29 40
51 137 24 77
32 108 20 68
2 73 31 62
87 147 92 72
40 105 93 53
65 121 53 24
26 69 24 62
10 46 55 20
30 116 83 38
16 30 54 96
87 92 69 93
90 132 32 48
7 106 94 86