1000
13 99 9
97 88 98
31 15 100
31 20 6
12 88 91
80 5 56
72 17 12
88 55 34
82 47 30
36 32 85
0 71 40
75 68 11
10 87 38
14 36 81
13 64 55
52 72 19
57 26 71
97 70 4
65 88 97
29 72 80
52 68 11
83 81 21
47 2 34
17 55 29
52 22 97
86 7 52
93 54 6
59 43 87
82 19 81
28 2 36
29 71 99
4 87 25
77 83 58
32 60 75
77 46 25
52 44 12
30 83 16
7 55 65
54 70 59
67 95 83
26 54 1
87 47 83
66 69 9
8 13 21
23 100 5
4 86 31
97 40 88
79 48 76
47 25 9
84 98 55
22 4 96
14 84 31
2 98 62
38 4 40
87 70 20
59 75 48
74 3 72
4 38 5
43 54 4
55 99 81
33 70 76
82 56 91
82 47 46
48 77 79
36 98 30
37 17 62
5 47 66
99 70 27
0 92 67
84 24 17
76 9 32
1 94 5
36 67 58
43 24 79
55 32 37
2 9 3
93 61 47
63 5 13
24 89 95
23 17 75
11 99 88
94 41 86
14 59 83
44 26 6
8 31 78
48 100 7
17 24 45
78 56 13
82 70 56
58 58 81
54 99 95
18 18 95
96 33 27
51 37 95
14 10 10
93 40 71
34 99 40
97 87 65
100 35 40
98 57 37
77 75 53
97 40 45
42 93 63
8 87 8
69 74 98
8 100 13
54 73 68
16 20 13
91 41 56
95 11 94
68 23 60
52 23 15
50 82 26
60 38 13
47 88 70
0 99 43
19 53 6
11 32 65
81 13 32
71 87 7
69 44 38
17 26 74
87 20 40
15 29 66
32 68 96
33 60 68
19 54 59
2 93 86
79 26 26
75 30 25
32 46 61
92 3 36
81 58 33
36 86 34
76 27 10
65 77 76
47 66 68
9 10 84
57 27 68
62 90 75
71 8 8
17 32 44
31 30 58
96 46 9
44 62 13
38 20 36
72 36 27
1 45 6
26 7 46
52 69 42
94 75 65
91 24 30
87 57 12
56 65 95
85 71 33
41 5 75
99 58 92
98 13 29
42 12 84
34 27 91
50 27 13
71 83 38
14 72 37
74 29 63
14 78 60
26 20 90
93 68 55
21 28 21
21 94 36
62 17 79
47 85 3
28 14 70
95 88 7
21 84 62
25 18 17
27 23 72
56 48 75
55 48 15
29 16 45
63 93 100
12 39 71
34 92 25
46 54 18
33 18 17
75 18 61
100 70 91
92 82 14
72 73 82
26 92 27
13 94 70
80 78 67
26 91 40
13 68 39
4 80 61
48 46 58
100 98 41
52 96 17
36 17 39
0 53 42
15 81 62
5 34 58
5 92 68
5 95 26
46 71 15
66 92 12
80 80 99
40 29 19
19 59 93
100 66 13
96 100 18
5 47 9
42 65 78
27 39 58
54 7 5
56 84 29
100 91 42
90 77 46
96 80 66
94 30 5
36 12 28
0 20 25
89 80 24
69 18 21
1 87 21
34 44 91
89 84 47
75 31 59
51 36 99
70 59 36
88 98 52
60 2 68
19 67 40
76 85 40
88 56 9
62 17 11
90 14 81
23 7 3
16 10 4
67 45 63
0 27 62
2 77 57
81 38 96
33 84 61
18 66 28
91 77 63
76 84 67
13 55 55
95 85 81
79 8 72
34 98 65
57 85 91
73 60 73
33 69 55
29 42 62
41 58 27
95 52 21
17 78 67
32 67 10
70 88 73
92 38 94
99 91 5
37 24 17
35 8 16
8 61 41
82 28 71
98 87 25
92 55 47
68 63 40
13 42 34
5 42 25
10 9 17
1 55 20
29 37 5
12 24 3
68 88 5
92 7 98
99 70 86
31 9 97
13 63 44
80 66 44
83 27 46
98 22 42
38 27 52
16 88 96
81 40 43
95 44 79
31 90 6
11 78 3
99 41 62
75 23 60
70 15 34
20 73 83
51 7 31
30 65 81
28 16 5
66 96 69
60 83 20
41 98 74
49 11 58
62 87 92
56 22 38
95 24 55
26 63 84
22 20 89
45 19 56
89 42 1
7 33 36
48 62 3
11 69 57
72 15 93
42 35 78
43 82 22
46 59 25
17 43 82
89 37 94
59 89 41
5 77 3
83 89 31
72 96 80
74 92 31
53 100 79
73 35 23
99 61 22
72 21 28
25 74 22
66 25 14
3 40 45
87 37 36
100 61 33
21 60 67
82 35 76
64 16 62
28 95 98
100 1 1
62 18 5
79 31 94
97 16 13
49 2 81
60 24 94
62 46 1
67 45 84
84 79 48
86 98 75
49 22 17
93 79 38
25 2 9
7 13 7
50 65 61
50 45 96
37 3 58
54 8 62
51 65 58
13 21 19
6 53 79
73 66 59
4 92 13
22 42 25
63 43 23
77 18 99
61 29 41
42 73 40
79 29 41
84 90 42
91 10 57
82 20 52
24 84 57
7 21 17
39 43 22
38 2 57
37 21 1
12 25 45
89 8 11
53 52 65
55 82 21
67 88 33
60 4 61
42 93 80
49 18 95
21 6 39
100 33 89
40 32 40
67 60 11
27 23 13
97 44 60
34 68 35
23 7 57
60 98 27
16 79 40
34 59 57
91 86 25
90 63 36
36 98 27
22 34 52
31 37 19
73 32 97
77 31 9
12 59 63
64 70 73
48 48 69
44 95 98
11 73 54
30 64 56
33 35 34
6 33 77
4 42 74
52 79 8
52 37 89
67 89 59
28 46 55
91 63 85
61 65 100
84 1 80
56 44 57
99 62 71
59 75 32
61 58 61
59 83 100
10 37 85
43 47 33
50 69 97
95 61 13
8 7 32
34 15 71
70 72 24
36 22 35
32 71 93
100 17 30
29 90 66
44 31 91
55 94 27
6 97 77
58 63 62
4 25 17
13 64 42
66 43 12
25 17 18
88 76 98
30 61 23
9 72 95
95 62 96
22 15 99
28 58 46
38 100 15
29 23 13
84 5 4
61 18 70
95 95 17
79 87 63
71 52 15
27 63 72
19 77 96
19 32 69
25 55 35
38 87 35
44 5 97
16 20 69
13 98 74
80 53 38
33 55 85
57 48 78
58 27 76
42 25 39
8 88 1
10 36 76
98 23 27
36 42 44
34 74 94
85 84 21
59 78 24
9 78 90
42 67 14
17 52 13
84 90 1
2 42 20
99 35 58
79 6 20
16 5 23
68 47 78
2 96 76
22 84 76
31 9 89
100 23 20
37 26 33
79 12 10
93 37 34
92 100 81
14 46 40
58 18 38
92 67 54
67 54 42
74 32 16
55 55 17
55 94 1
100 55 38
98 41 60
53 61 85
44 35 57
91 2 82
62 59 95
87 12 14
20 98 70
17 6 40
69 3 81
21 88 44
43 86 20
87 37 94
50 22 62
93 81 97
39 42 75
4 8 40
97 81 53
60 100 78
84 32 46
47 52 75
41 32 82
61 11 30
50 42 68
94 13 95
20 2 14
61 9 64
24 60 67
39 62 18
80 94 17
95 59 36
79 20 6
15 40 98
83 83 38
77 61 9
97 96 54
97 82 93
67 12 75
75 28 25
41 97 68
87 63 13
78 3 72
25 43 2
87 15 84
46 38 10
21 53 4
99 8 69
67 3 26
1 87 71
13 62 69
0 68 90
70 42 40
44 4 23
71 86 34
90 58 66
85 16 71
13 15 91
100 68 14
35 71 80
46 26 68
59 96 91
41 54 55
34 29 29
10 33 56
19 41 36
11 30 40
74 24 4
42 62 90
47 32 85
77 89 85
50 22 86
52 10 20
6 56 93
87 63 16
11 97 8
79 74 13
97 14 17
23 21 97
67 77 35
83 56 97
37 77 96
98 85 38
74 83 52
59 60 85
56 43 8
77 41 62
34 29 37
35 97 48
81 8 37
46 100 56
1 23 28
12 55 55
60 86 100
78 23 25
44 52 32
32 77 66
95 92 84
37 87 8
39 62 19
2 100 54
1 23 57
4 47 5
53 48 96
6 74 32
30 25 5
15 27 85
34 38 11
91 2 12
43 82 18
7 79 5
33 24 78
12 71 89
37 56 98
61 95 87
96 67 6
74 86 76
48 86 21
88 40 84
80 32 67
28 43 83
38 18 100
17 46 54
56 1 93
0 15 62
34 67 6
17 75 28
93 5 46
57 28 81
79 100 64
38 86 11
7 38 80
10 34 81
38 6 39
65 48 46
4 64 27
49 79 11
43 19 26
81 38 43
30 41 28
70 100 38
82 89 7
67 43 16
71 35 27
28 88 81
24 100 35
64 81 11
13 82 4
30 74 67
100 9 27
79 7 62
56 87 92
72 53 57
90 70 34
92 4 28
44 52 32
81 3 94
16 46 80
31 8 81
75 37 68
10 86 69
82 97 70
55 83 24
72 40 83
70 93 6
37 33 85
38 68 94
84 93 54
10 22 75
31 9 91
45 38 11
8 2 87
61 88 67
11 60 98
93 28 75
7 95 21
22 64 65
100 27 67
87 81 48
100 28 10
69 82 83
24 57 38
100 54 94
65 77 89
66 16 67
91 48 60
41 85 37
75 12 4
25 60 20
37 43 86
91 86 32
4 79 33
94 53 82
59 22 76
91 61 19
5 21 40
91 25 16
57 61 15
3 53 40
75 56 53
46 65 73
60 87 90
2 20 12
98 4 46
41 88 72
30 94 18
89 99 82
9 70 2
85 73 70
25 93 2
76 70 22
51 26 61
52 29 5
79 40 83
65 70 12
95 11 94
83 98 82
34 44 71
68 85 59
82 86 16
82 45 77
76 45 72
95 23 15
3 38 18
78 22 46
59 30 79
55 93 15
68 31 60
17 81 100
29 35 24
94 62 11
73 94 45
93 6 84
89 80 48
15 74 4
56 82 23
90 67 82
21 80 63
0 44 99
65 39 45
34 26 6
1 81 66
12 8 16
61 56 2
30 29 57
77 21 90
84 98 25
100 66 7
85 93 63
7 54 41
71 75 25
73 41 26
88 64 68
55 37 9
31 11 98
86 15 32
77 28 9
19 71 93
45 4 63
40 9 35
63 73 6
86 54 55
49 43 41
28 9 52
48 16 37
90 72 20
58 36 22
39 39 55
62 24 38
54 28 31
75 96 31
11 92 53
7 52 70
23 36 86
23 79 47
44 7 12
63 74 95
100 60 84
74 9 58
8 20 80
15 19 12
49 73 97
2 47 93
69 25 52
90 24 63
85 7 21
51 32 31
49 34 10
47 68 48
97 7 12
72 9 77
6 26 84
99 60 89
18 82 44
58 99 46
42 67 86
91 65 22
14 63 94
45 54 78
49 60 88
27 81 7
99 92 73
57 14 13
96 31 25
12 72 15
87 93 35
0 33 60
34 64 3
52 91 16
52 58 41
66 89 30
21 63 84
20 94 40
1 13 64
84 48 1
43 48 99
53 77 48
0 55 55
5 85 97
22 89 58
21 17 22
7 25 48
64 88 26
57 64 92
83 88 33
32 15 55
85 2 99
23 65 87
16 11 38
2 86 38
62 57 13
8 47 90
25 68 86
96 95 29
0 30 70
55 94 47
94 11 37
74 13 7
0 89 69
12 3 26
4 62 87
35 9 73
80 70 89
73 4 82
85 86 56
52 36 12
90 69 60
48 59 23
74 35 91
28 37 95
49 37 81
99 99 99
98 96 13
95 53 33
75 53 41
9 67 78
34 14 7
30 86 56
78 12 41
14 19 22
16 96 54
81 69 83
18 28 91
33 61 4
20 14 88
37 2 41
37 13 100
96 28 17
1 73 59
6 54 76
68 13 87
82 98 10
15 48 19
47 92 81
73 91 41
98 6 75
41 20 71
28 81 52
53 86 23
19 90 69
68 55 29
23 35 44
55 12 25
31 83 25
88 5 55
72 83 63
96 23 25
84 38 75
63 90 6
58 86 97
25 85 66
84 69 3
69 96 3
13 47 81
46 18 82
22 95 30
57 10 21
16 66 92
56 6 32
25 47 39
68 76 65
74 27 60
97 37 34
11 5 82
12 7 78
27 86 68
50 91 58
21 61 42
38 13 28
45 62 57
95 29 87
57 76 70
60 81 24
57 59 38
55 71 46
25 40 82
83 77 15
59 72 79
82 24 95
54 6 54
55 3 20
8 34 45
88 7 40
97 44 64
67 7 97
51 57 31
97 61 94
32 81 7
47 39 84
62 46 8
33 6 28
70 67 75
63 75 34
84 63 23
0 65 91
79 37 2
0 2 42
20 46 39
78 31 43
33 36 11
9 76 39
23 60 91
27 65 77
88 17 98
16 74 2
63 42 23
100 26 16
83 62 4
14 98 61
2 32 95
4 95 82
35 22 38
47 66 45
38 15 17
86 89 75
67 60 99
73 29 39
38 4 1
80 33 25
36 65 62
81 64 70
53 22 1
76 86 17
59 98 12
6 45 79
73 43 35
11 83 30
5 74 9
49 86 5
39 5 87
90 22 23
70 16 5
47 74 14
71 59 9
32 96 39
75 55 81
68 94 26
92 10 71
42 91 58
100 89 96
83 25 47
34 72 48
18 61 15
69 39 59
1 42 57
14 30 25
6 68 91
76 82 99
23 66 83
22 88 73
21 81 30
54 93 10
54 18 72
76 7 28
66 15 25
82 79 96
48 39 20
83 15 78
10 33 21
77 97 48
37 59 59
84 71 12
2 67 55
63 53 74
100 18 7
37 33 18
31 11 66
35 64 17
